# Created by Octave 4.0.0, Fri May 13 19:54:05 2016 CEST <tomasz@tomasz-LIFEBOOK-S760>
# name: y
# type: matrix
# rows: 20
# columns: 1
18.9017
18.9409
19.4101
19.3846
19.3692
19.3455
19.3228
19.3167
19.3103
19.3037
19.2679
19.227
19.2182
19.097
19.0856
19.0379
18.8149
19.383
19.2376
19.2061

