# Created by Octave 4.0.0, Fri May 13 19:54:05 2016 CEST <tomasz@tomasz-LIFEBOOK-S760>
# name: y
# type: matrix
# rows: 20
# columns: 1
16.835
17.6363
17.6884
17.7441
17.7693
17.8275
17.8459
18.0573
17.9257
17.9445
18.1054
17.7338
17.7682
17.8344
17.8505
17.9717
17.986
18.0409
17.7375
17.7645

